0.0763077
0.0732308
0.0761538
0.078
0.0769231
0.0749231
0.0747692
0.0758462
0.0803077
0.0752308
0.0781538
0.0752308
0.0766154
0.0815385
0.076
0.0776923
0.0706154
0.0747692
0.0732308
0.0764615
0.0813846
0.0806154
0.0823077
0.0778462
0.0792308
0.0709231
0.0716923
0.0763077
0.0803077
0.0732308
0.0776923
0.0798462
0.0869231
0.0706154
0.0804615
0.0767692
0.0730769
0.0795385
0.0750769
0.0744615
0.0836923
0.0758462
0.0747692
0.0710769
0.0764615
0.0772308
0.0766154
0.0738462
0.0715385
0.0793846
0.0816923
0.0755385
0.074
0.0784615
0.0715385
0.0803077
0.0692308
0.0798462
0.0778462
0.0758462
0.0796923
0.0755385
0.0763077
0.0824615
0.0816923
0.0744615
0.0789231
0.0730769
0.0766154
0.0766154
0.0784615
0.0801538
0.0830769
0.0776923
0.0798462
0.076
0.0723077
0.0726154
0.0738462
0.0749231
0.0784615
0.0755385
0.0787692
0.0769231
0.074
0.0773846
0.0784615
0.0796923
0.0746154
0.0747692
0.0772308
0.0696923
0.074
0.0764615
0.0801538
0.0789231
0.0764615
0.0843077
0.0755385
0.082
0.0726154
0.0783077
0.0770769
0.0750769
0.0723077
0.0781538
0.0778462
0.0763077
0.0783077
0.0776923
0.0838462
0.0755385
0.0749231
0.0756923
0.0770769
0.076
0.0883077
0.0741538
0.0727692
0.0792308
0.0878462
0.074
0.0770769
0.0790769
0.0795385
0.08
0.0724615
0.0693846
0.0750769
0.0813846
0.0746154
0.0727692
0.0775385
0.0796923
0.0741538
0.0776923
0.0755385
0.0741538
0.0766154
0.0735385
0.0767692
0.0852308
0.0786154
0.0792308
0.0667692
0.0798462
0.0767692
0.0766154
0.0744615
0.0816923
0.0753846
0.0803077
0.0776923
0.0747692
0.0773846
0.0755385
0.0756923
0.0784615
0.0801538
0.0767692
0.0749231
0.0801538
0.0784615
0.0789231
0.0749231
0.0806154
0.0752308
0.0756923
0.0750769
0.0778462
0.0763077
0.0792308
0.0806154
0.0755385
0.0815385
0.0792308
0.0783077
0.0776923
0.0767692
0.0764615
0.0826154
0.0729231
0.0681538
0.0775385
0.0836923
0.0773846
0.0789231
0.0710769
0.0786154
0.0750769
0.0792308
0.0764615
0.0753846
0.0767692
0.0767692
0.0746154
0.0813846
0.0766154
0.0778462
0.0744615
0.0772308
0.0792308
0.0750769
0.0735385
0.0809231
0.0767692
0.0726154
0.0743077
0.0753846
0.0786154
0.0758462
0.0784615
0.0712308
0.0750769
0.0753846
0.0730769
0.0752308
0.0796923
0.08
0.0812308
0.0746154
0.0756923
0.0752308
0.0718462
0.076
0.0767692
0.0763077
0.0803077
0.0730769
0.0772308
0.0733846
0.0778462
0.0704615
0.0755385
0.0803077
0.0744615
0.0761538
0.0816923
0.0775385
0.0823077
0.0750769
0.0766154
0.0872308
0.0744615
0.0793846
0.0726154
0.0723077
0.0804615
0.0813846
0.0764615
0.0749231
0.08
0.0813846
0.0815385
0.0821538
0.0755385
0.0710769
0.0732308
0.0776923
0.0786154
0.0758462
0.0778462
0.0792308
0.0753846
0.0769231
0.0709231
0.0753846
0.0735385
0.076
0.0749231
0.0695385
0.0735385
0.0795385
0.0836923
0.0793846
0.0758462
0.0761538
0.0732308
0.0778462
0.0735385
0.0766154
0.076
0.0838462
0.078
0.0770769
0.0773846
0.0798462
0.0821538
0.0772308
0.0776923
0.0793846
0.0729231
0.0773846
0.0806154
0.0784615
0.0795385
0.0766154
0.072
0.0818462
0.0744615
0.0836923
0.0836923
0.0716923
0.0809231
0.0775385
0.074
0.0755385
0.0761538
0.074
0.074
0.0818462
0.076
0.0796923
0.0750769
0.0812308
0.0726154
0.0766154
0.0775385
0.0778462
0.0781538
0.0830769
0.0776923
0.0775385
0.0835385
0.076
0.0756923
0.0701538
0.0806154
0.0727692
0.0709231
0.076
0.0847692
0.0776923
0.0781538
0.0763077
0.0821538
0.0815385
0.0787692
0.0790769
0.0747692
0.0767692
0.0775385
0.0712308
0.0783077
0.0763077
0.0801538
0.0716923
0.0796923
0.078
0.0732308
0.0798462
0.0776923
0.0826154
0.0773846
0.0787692
0.0752308
0.0769231
0.0781538
0.0778462
0.0749231
0.0793846
0.0795385
0.0721538
0.0816923
0.0789231
0.0758462
0.0787692
0.084
0.0824615
0.0678462
0.0827692
0.0806154
0.0749231
0.0726154
0.0733846
0.074
0.074
0.0835385
0.0732308
0.0769231
0.0783077
0.0764615
0.0749231
0.0721538
0.07
0.0738462
0.0730769
0.0764615
0.0789231
0.0756923
0.0733846
0.0803077
0.0756923
0.0738462
0.0744615
0.0778462
0.0815385
0.0778462
0.0733846
0.0776923
0.0816923
0.0784615
0.0813846
0.0752308
0.0772308
0.0813846
0.0784615
0.0795385
0.0778462
0.0721538
0.0727692
0.074
0.0803077
0.08
0.0735385
0.0753846
0.0761538
0.0764615
0.0773846
0.08
0.0753846
0.0732308
0.0776923
0.0769231
0.0798462
0.0812308
0.0752308
0.0806154
0.0790769
0.0812308
0.078
0.0793846
0.0793846
0.0806154
0.0727692
0.0761538
0.0801538
0.0706154
0.0755385
0.0713846
0.0769231
0.0764615
0.0781538
0.0827692
0.0766154
0.0764615
0.0801538
0.078
0.0736923
0.0758462
0.0796923
0.0827692
0.0726154
0.0801538
0.0823077
0.0796923
0.0744615
0.0753846
0.0735385
0.0793846
0.08
0.0721538
0.0767692
0.0690769
0.0775385
0.0756923
0.0755385
0.0793846
0.0736923
0.0756923
0.0793846
0.074
0.078
0.0752308
0.0792308
0.0801538
0.0764615
0.0752308
0.08
0.0803077
0.0773846
0.0781538
0.0827692
0.0792308
0.0773846
0.0743077
0.0810769
0.0767692
0.0718462
0.0784615
0.0733846
0.0778462
0.0798462
0.0795385
0.0790769
0.0766154
0.0687692
0.0763077
0.074
0.0704615
0.0856923
0.0747692
0.0758462
0.0761538
0.0792308
0.0789231
0.0758462
0.0812308
0.0773846
0.0744615
0.0790769
0.0815385
0.0790769
0.0772308
0.0787692
0.076
0.0812308
0.0787692
0.0769231
0.0796923
0.0769231
0.0758462
0.0781538
0.0695385
0.082
0.0870769
0.0783077
0.0781538
0.0756923
0.0775385
0.0738462
0.0747692
0.0796923
0.076
0.0804615
0.0809231
0.0776923
0.0733846
0.0832308
0.0753846
0.076
0.0704615
0.0766154
0.074
0.0724615
0.0803077
0.0766154
0.0726154
0.0809231
0.0718462
0.0784615
0.0736923
0.0712308
0.0686154
0.082
0.0836923
0.0729231
0.0743077
0.0767692
0.0776923
0.0752308
0.0758462
0.0755385
0.076
0.0807692
0.0747692
0.0803077
0.0793846
0.0770769
0.074
0.0775385
0.0730769
0.0809231
0.0766154
0.0818462
0.0773846
0.076
0.0741538
0.0775385
0.0801538
0.078
0.0753846
0.0703077
0.0735385
0.0716923
0.0775385
0.0756923
0.0793846
0.0766154
0.0803077
0.0773846
0.0810769
0.0816923
0.0795385
0.0804615
0.0729231
0.0764615
0.0746154
0.0744615
0.0706154
0.0812308
0.0796923
0.0783077
0.0744615
0.074
0.0806154
0.0730769
0.0718462
0.0798462
0.0710769
0.0752308
0.0803077
0.0712308
0.0758462
0.0747692
0.0738462
0.0807692
0.0796923
0.0783077
0.0732308
0.0772308
0.0793846
0.0772308
0.0747692
0.0795385
0.0776923
0.0733846
0.0776923
0.0729231
0.072
0.0743077
0.0733846
0.0773846
0.0729231
0.0761538
0.0709231
0.0770769
0.076
0.0796923
0.0715385
0.0807692
0.0841538
0.0716923
0.0775385
0.0775385
0.0724615
0.0810769
0.0744615
0.0789231
0.0783077
0.0736923
0.0710769
0.0747692
0.0761538
0.0692308
0.08
0.0735385
0.08
0.0758462
0.0778462
0.0747692
0.0729231
0.0773846
0.0778462
0.0773846
0.0873846
0.0830769
0.0729231
0.0764615
0.0772308
0.0763077
0.0763077
0.0783077
0.0747692
0.0767692
0.0795385
0.0738462
0.0732308
0.0767692
0.0701538
0.0718462
0.0801538
0.0766154
0.0836923
0.0763077
0.074
0.0770769
0.0756923
0.0855385
0.0747692
0.0787692
0.0746154
0.0775385
0.0713846
0.0789231
0.0833846
0.0730769
0.0769231
0.0766154
0.0721538
0.0709231
0.0830769
0.0766154
0.0755385
0.0715385
0.074
0.0767692
0.0741538
0.0807692
0.0772308
0.0795385
0.0755385
0.0736923
0.0784615
0.0726154
0.0755385
0.0752308
0.0729231
0.0778462
0.0849231
0.0792308
0.0770769
0.0723077
0.076
0.0749231
0.0726154
0.0747692
0.0775385
0.076
0.0703077
0.076
0.074
0.0749231
0.074
0.0790769
0.0783077
0.0784615
0.0803077
0.0830769
0.0743077
0.0763077
0.0763077
0.0713846
0.0747692
0.0676923
0.0733846
0.0746154
0.0729231
0.0767692
0.0778462
0.0801538
0.076
0.074
0.0735385
0.0806154
0.074
0.0790769
0.076
0.0755385
0.0792308
0.0806154
0.0721538
0.0798462
0.0727692
0.0763077
0.0772308
0.0764615
0.0773846
0.0770769
0.0795385
0.0756923
0.0752308
0.0770769
0.0730769
0.0795385
0.0789231
0.0783077
0.0776923
0.0698462
0.0756923
0.0712308
0.0838462
0.0758462
0.078
0.0803077
0.0730769
0.0793846
0.0798462
0.0729231
0.0724615
0.0806154
0.0733846
0.0721538
0.0733846
0.0744615
0.0752308
0.0723077
0.0764615
0.0749231
0.0783077
0.0761538
0.0753846
0.072
0.0855385
0.0853846
0.0792308
0.0746154
0.0786154
0.0761538
0.0753846
0.0781538
0.0781538
0.0729231
0.0778462
0.0778462
0.0806154
0.0718462
0.07
0.0789231
0.0752308
0.0756923
0.072
0.0752308
0.0687692
0.0778462
0.0804615
0.0850769
0.0781538
0.0713846
0.0801538
0.0727692
0.0810769
0.0776923
0.0746154
0.0676923
0.0775385
0.0784615
0.0784615
0.0735385
0.0790769
0.074
0.0790769
0.0730769
0.0793846
0.0810769
0.0795385
0.0789231
0.0798462
0.0761538
0.0770769
0.0796923
0.0758462
0.0803077
0.0826154
0.0755385
0.0806154
0.0789231
0.0761538
0.0738462
0.0761538
0.0743077
0.0766154
0.0766154
0.0733846
0.0758462
0.078
0.0756923
0.0790769
0.0789231
0.0778462
0.0743077
0.0818462
0.0761538
0.0790769
0.0841538
0.0801538
0.0718462
0.0709231
0.0816923
0.08
0.0712308
0.0792308
0.0816923
0.0764615
0.0741538
0.0772308
0.0801538
0.072
0.0756923
0.0786154
0.0730769
0.0770769
0.0753846
0.0815385
0.0809231
0.0815385
0.0772308
0.0750769
0.0744615
0.0687692
0.0721538
0.0803077
0.0763077
0.0764615
0.0836923
0.0744615
0.0693846
0.0735385
0.0838462
0.0755385
0.0824615
0.0772308
0.0749231
0.0846154
0.0761538
0.0769231
0.074
0.0818462
0.0775385
0.0718462
0.0773846
0.0764615
0.076
0.0796923
0.0784615
0.0770769
0.0783077
0.0781538
0.0809231
0.0749231
0.0764615
0.0683077
0.0781538
0.072
0.08
0.0812308
0.0730769
0.0758462
0.0790769
0.0830769
0.0756923
0.0796923
0.0763077
0.0793846
0.0727692
0.0787692
0.0778462
0.0752308
0.0749231
0.0813846
0.0749231
0.0786154
0.08
0.0755385
0.0755385
0.0812308
0.0746154
0.0786154
0.0803077
0.0813846
0.0798462
0.0783077
0.0789231
0.0778462
0.0764615
0.0721538
0.0812308
0.0758462
0.0772308
0.0769231
0.0776923
0.0752308
0.0787692
0.0783077
0.0743077
0.0763077
0.0713846
0.0723077
0.0769231
0.0816923
0.0744615
0.0755385
0.0786154
0.0798462
0.0749231
0.0773846
0.0750769
0.0783077
0.0729231
0.0786154
0.0832308
0.0795385
0.0789231
0.0744615
0.0733846
0.0744615
0.0766154
0.0786154
0.076
0.0758462
0.0798462
0.0813846
0.0769231
