0.0763077
0.0732308
0.0761538
0.151231
0.153077
0.151231
0.226
0.227077
0.233385
0.301231
0.305231
0.308615
0.377846
0.386769
0.384615
0.455538
0.455231
0.461538
0.528462
0.532
0.542923
0.609077
0.614308
0.620769
0.688308
0.685231
0.692462
0.761538
0.768615
0.765692
0.839231
0.845538
0.855538
0.909846
0.926
0.932308
0.982923
1.00554
1.00738
1.05738
1.08923
1.08323
1.13215
1.15431
1.16569
1.20938
1.23092
1.23954
1.28092
1.31031
1.32123
1.35646
1.38431
1.39969
1.428
1.46462
1.46892
1.50785
1.54246
1.54477
1.58754
1.618
1.62108
1.67
1.69969
1.69554
1.74892
1.76862
1.77631
1.82554
1.84708
1.85646
1.90862
1.92477
1.93631
1.98462
1.99708
2.00892
2.05846
2.072
2.08738
2.134
2.15077
2.16431
2.208
2.22815
2.24277
2.28769
2.30277
2.31754
2.36492
2.37246
2.39154
2.44138
2.45262
2.47046
2.51785
2.53692
2.546
2.59985
2.60954
2.62431
2.67692
2.68462
2.69662
2.75508
2.76246
2.77292
2.83338
2.84015
2.85677
2.90892
2.91508
2.93246
2.986
2.99108
3.02077
3.06015
3.06385
3.1
3.148
3.13785
3.17708
3.21692
3.22754
3.25708
3.28938
3.29692
3.33215
3.37077
3.37154
3.40492
3.44831
3.45123
3.47908
3.526
3.52677
3.55323
3.60262
3.60031
3.63
3.68554
3.68123
3.70923
3.748
3.76538
3.786
3.82462
3.83985
3.86769
3.9
3.92015
3.94538
3.97477
3.99754
4.02092
4.05046
4.076
4.10108
4.12723
4.15092
4.18123
4.20569
4.22985
4.25615
4.28631
4.30508
4.33185
4.36138
4.38292
4.40815
4.44062
4.46354
4.48369
4.52215
4.54277
4.562
4.59985
4.61954
4.63846
4.68246
4.69246
4.70662
4.76
4.77615
4.784
4.83892
4.84723
4.86262
4.914
4.92646
4.93908
4.98938
5.00323
5.01585
5.064
5.08462
5.09246
5.14185
5.15908
5.16969
5.22108
5.23415
5.24323
5.302
5.31092
5.31585
5.37631
5.38631
5.39446
5.45215
5.46477
5.46569
5.52723
5.54015
5.53877
5.60246
5.61846
5.62015
5.68369
5.69308
5.69585
5.75892
5.76492
5.77185
5.83569
5.84123
5.85215
5.90877
5.91846
5.92554
5.98662
5.98892
6.00108
6.06692
6.06338
6.07723
6.14508
6.14446
6.15954
6.21954
6.22169
6.24677
6.294
6.30108
6.31938
6.36631
6.38154
6.40077
6.44277
6.45646
6.48077
6.52415
6.538
6.56292
6.59969
6.60908
6.63615
6.67738
6.68769
6.712
6.75523
6.76692
6.78738
6.83215
6.83785
6.86277
6.90569
6.91385
6.93769
6.97523
6.98738
7.01723
7.05892
7.06677
7.09308
7.13508
7.14
7.17092
7.20862
7.21662
7.24692
7.29246
7.29462
7.324
7.36985
7.37446
7.40615
7.44708
7.45215
7.48554
7.52
7.52954
7.56615
7.59846
7.60908
7.64277
7.67046
7.69092
7.71723
7.75415
7.77462
7.78892
7.83508
7.85215
7.86292
7.91062
7.92831
7.93692
7.98462
8.01015
8.01292
8.06431
8.08523
8.09415
8.13692
8.16185
8.17169
8.21477
8.24
8.25477
8.29246
8.31754
8.33831
8.36846
8.39323
8.40846
8.44908
8.466
8.47938
8.52508
8.55077
8.55708
8.60323
8.62708
8.63923
8.68477
8.70585
8.71831
8.75954
8.78262
8.79585
8.83077
8.86092
8.87215
8.91092
8.93262
8.95185
8.98892
9.00585
9.03169
9.06662
9.08846
9.10908
9.14538
9.16369
9.186
9.22354
9.24154
9.26092
9.30292
9.32108
9.33308
9.38462
9.4
9.40892
9.46338
9.484
9.49138
9.53123
9.56677
9.572
9.60615
9.63938
9.64538
9.68015
9.71338
9.72892
9.75338
9.79031
9.80723
9.82985
9.86523
9.87938
9.89985
9.93908
9.95246
9.97631
10.018
10.0282
10.0497
10.0983
10.1038
10.1235
10.1728
10.1817
10.2051
10.2506
10.2551
10.2828
10.3323
10.3335
10.3642
10.4075
10.4108
10.4455
10.486
10.4903
10.5234
10.5582
10.5631
10.5974
10.6385
10.6431
10.6709
10.7138
10.7192
10.7474
10.7912
10.7992
10.8228
10.8645
10.8769
10.8997
10.9443
10.9582
10.9749
11.0249
11.0372
11.0562
11.1029
11.1166
11.1355
11.1835
11.1894
11.2117
11.2637
11.26
11.2872
11.3314
11.3406
11.3637
11.4095
11.4234
11.4403
11.486
11.5035
11.5183
11.5597
11.5794
11.598
11.6425
11.652
11.6782
11.7248
11.7317
11.7526
11.8002
11.8052
11.832
11.8802
11.8774
11.9088
11.9465
11.9577
11.9845
12.022
12.0371
12.0582
12.0977
12.1165
12.1322
12.1757
12.1917
12.2114
12.2558
12.2682
12.2866
12.3358
12.3485
12.364
12.414
12.4312
12.4432
12.4914
12.5055
12.5243
12.5682
12.5774
12.6028
12.6415
12.6552
12.6826
12.7211
12.7343
12.7592
12.7898
12.8106
12.8332
12.8603
12.8963
12.908
12.9362
12.9725
12.9872
13.0151
13.0483
13.0685
13.0925
13.1228
13.1475
13.174
13.2018
13.2248
13.2528
13.2778
13.306
13.3315
13.3548
13.3857
13.4085
13.4306
13.4638
13.478
13.5126
13.5509
13.5563
13.5908
13.6266
13.6338
13.6646
13.7014
13.7135
13.7406
13.7818
13.7945
13.8183
13.8552
13.8777
13.8937
13.9312
13.9482
13.9703
14.0052
14.0206
14.0506
14.0818
14.0932
14.1315
14.1537
14.1717
14.2052
14.2249
14.2403
14.2872
14.3086
14.3132
14.3615
14.3854
14.3909
14.4368
14.4612
14.4665
14.5128
14.542
14.5412
14.5931
14.6206
14.6191
14.6671
14.6966
14.6937
14.748
14.7703
14.7785
14.8254
14.8463
14.8526
14.9029
14.9265
14.9306
14.9783
14.9968
15.0042
15.05
15.0743
15.0798
15.1294
15.1509
15.1602
15.2068
15.232
15.2418
15.2863
15.3125
15.3148
15.3628
15.3871
15.3892
15.4334
15.4683
15.4689
15.5117
15.5428
15.5429
15.5923
15.6158
15.6148
15.6722
15.6858
15.6911
15.7525
15.7571
15.7669
15.8272
15.8309
15.8477
15.9069
15.9092
15.9209
15.9842
15.9886
15.9982
16.0589
16.0682
16.0758
16.1323
16.1458
16.1488
16.2043
16.2202
16.2222
16.2817
16.2931
16.2983
16.3526
16.3702
16.3743
16.4323
16.4417
16.4551
16.5165
16.5134
16.5326
16.5909
16.5889
16.6137
16.6634
16.6698
16.692
16.7371
16.7409
16.7668
16.8132
16.8102
16.8468
16.8837
16.8932
16.9226
16.9615
16.968
16.9955
17.0389
17.0458
17.0729
17.1263
17.1289
17.1458
17.2028
17.2062
17.2222
17.2791
17.2845
17.2969
17.3558
17.364
17.3708
17.4291
17.4408
17.4409
17.5009
17.5209
17.5175
17.5846
17.5938
17.5949
17.6617
17.6695
17.6805
17.7365
17.7483
17.7551
17.814
17.8197
17.834
17.8974
17.8928
17.9109
17.9694
17.9695
17.9818
18.0525
18.0462
18.0574
18.1177
18.1265
18.1342
18.1918
18.2072
18.2114
18.2714
18.2828
18.2851
18.3498
18.3554
18.3606
18.4251
18.4283
18.4385
18.51
18.5075
18.5155
18.5798
18.586
18.5905
18.6525
18.6608
18.668
18.7285
18.7311
18.744
18.8025
18.806
18.818
18.8815
18.8843
18.8965
18.9618
18.9674
18.9708
19.0382
19.0437
19.0422
19.1129
19.1098
19.1171
19.1845
19.1858
19.1938
19.2623
19.266
19.2698
19.3363
19.3395
19.3505
19.4103
19.4186
19.4265
19.4858
19.4978
19.5071
19.558
19.5777
19.5798
19.6343
19.6549
19.6563
19.7117
19.732
19.7358
19.7874
19.8072
19.8129
19.8605
19.8868
19.8918
19.9388
19.9645
19.9617
20.0145
20.0329
20.0483
20.0903
20.1109
20.1286
20.1634
20.1903
20.2085
20.2363
20.2628
20.2891
20.3097
20.3349
20.3625
20.3842
20.4102
20.4348
20.4606
20.4851
20.5131
20.5368
20.5605
20.5851
20.6223
20.6458
20.6643
20.6969
20.7245
20.7405
20.7723
20.8026
20.8186
20.8452
20.8805
20.8965
20.9258
20.9523
20.9665
21.0048
21.0275
21.0422
21.0768
21.1028
21.1109
21.1546
21.1832
21.196
21.2328
21.2546
21.2762
21.3055
21.3357
21.3538
21.3802
21.4034
21.4314
21.4586
21.4818
21.5049
21.5377
21.5558
21.584
21.6108
21.6352
21.6651
21.6903
21.7142
21.7449
21.7665
21.7912
21.8246
21.8423
21.8715
21.9072
21.9178
21.9522
21.9862
21.994
22.026
22.0623
22.0683
22.1026
22.1389
22.1417
22.1785
22.2169
22.2174
22.2575
22.2958
22.2952
22.3318
22.3771
22.372
22.4109
22.4562
22.4572
22.4828
22.5271
22.5389
22.5628
22.5983
22.6182
22.6445
22.6748
22.6923
22.7217
22.7549
22.7643
22.7974
22.8335
22.8374
22.8745
22.9089
22.9189
22.9554
22.9905
22.9962
23.0305
23.0649
23.0649
23.1026
23.1452
23.1412
23.1791
23.2249
23.2197
23.2485
23.2932
23.3088
23.324
23.3757
23.386
23.3989
23.4603
23.4622
23.4758
23.5343
23.544
23.5534
23.6062
23.6214
23.6298
23.6822
23.7011
23.7083
23.7592
23.7794
23.7865
23.8402
23.8543
23.8629
23.9085
23.9325
23.9349
23.9885
24.0137
24.008
24.0643
24.0871
24.0968
24.14
24.1668
24.1731
24.2194
24.2395
24.2518
24.2972
24.3148
24.3268
24.3786
24.3897
24.4054
24.4586
24.4652
24.4809
24.5398
24.5398
24.5595
24.6202
24.6212
24.6394
24.6985
24.7002
24.7172
24.7749
24.7723
24.7985
24.8482
24.8522
24.8754
24.9258
24.9274
24.9542
25.0042
25.0017
25.0305
25.0731
25.0765
25.1074
25.1548
25.1509
25.1829
25.2295
25.2346
25.2578
25.3069
25.3097
25.3362
25.3798
25.3883
25.4194
25.4594
25.4672
25.4938
25.5328
25.5417
25.5705
25.6114
25.6177
25.6463
25.6912
25.6991
25.7232
